0
55
1 0 -655028015
1 0 943908204
0 1
1 0 584556596
1 0 -895177291
0 1
0 1
1 0 -88225141
0 1
1 0 -317702105
1 0 -45240243
1 0 945087733
0 1
0 1
1 0 -319929919
0 1
1 0 -848749161
1 0 -449386413
0 1
1 0 -844746718
0 1
0 1
1 0 -946489062
1 0 671366890
0 1
0 1
0 1
0 1
1 0 132384146
1 0 -512424500
1 0 -96924818
0 1
1 0 662704645
1 0 928282595
0 1
1 0 578770804
0 1
1 0 453158311
1 0 423354100
1 0 206995772
1 0 -446551651
1 0 -665327874
0 1
1 0 -484016072
1 0 127047205
1 0 -419178530
1 0 -981429781
0 1
0 1
0 1
1 0 512560968
0 1
1 0 -496578805
0 1
1 0 658540378
0 1